"baseMean" "log2FoldChange" "lfcSE" "stat" "pvalue" "padj"
"LOC132713118" 1064.20221850826 -0.619252571078573 0.163024552897965 -3.79852335167055 0.000145560716979316 0.0470712857188949
"LOC132713474" 230.874426951374 -1.03092217855227 0.274090879784721 -3.76124218128668 0.000169071631882053 0.0480890218009203
"LOC132715395" 81.4122693622883 1.19676017508557 0.279695016241989 4.27880407439989 1.8790016637824e-05 0.0142381351073111
"LOC132717148" 151.276855203886 -0.874805565095651 0.233732024569888 -3.74277152095636 0.00018200170252312 0.0480890218009203
"LOC132720785" 62.4577601530176 1.45538995561076 0.32927827950123 4.41993914027761 9.87287017812078e-06 0.00940642041882937
"LOC132720882" 101.887562683926 0.924554186242007 0.246538731143179 3.75013768406663 0.000176737501848205 0.0480890218009203
"LOC132722155" 357.717212083836 -0.876880948881854 0.230264778681993 -3.80814188735686 0.000140014930965798 0.0470712857188949
"LOC132722184" 177.943208831158 -0.746913858029817 0.189181875480271 -3.94812587693005 7.87653886144472e-05 0.0397896488150649
"LOC132723766" 95.3734573227872 1.65184205940264 0.362715259917956 4.55410136252959 5.26099857917791e-06 0.00753311421898238
"LOC132725056" 108.269260734883 -1.11789596310838 0.249694546294863 -4.47705398334274 7.56801179695935e-06 0.00917545750263352
"LOC132727157" 124.790312295968 -1.05051640358681 0.262582689833362 -4.00070699349404 6.31535168067673e-05 0.033290140772402
"LOC132728236" 179.53958170679 0.560390820649022 0.131996863097626 4.24548589639249 2.18120229271132e-05 0.0155558215275482
"LOC132729677" 651.512189406939 -0.541610557034656 0.139737982583295 -3.87590078962112 0.000106230964439081 0.045998007602122
"LOC132729883" 33.807557906743 1.84944766602377 0.452621666865901 4.0860785097407 4.38725379948098e-05 0.0265955325324537
"LOC132730403" 637.2207481916 -1.19728575335796 0.263646485155794 -4.54125437193089 5.59205113583318e-06 0.00753311421898238
"LOC132730855" 52.1731323176173 -1.39774355546974 0.365501230580715 -3.8241828987798 0.000131206491541498 0.0470712857188949
"LOC132731011" 92.9706658255938 -1.05469088038214 0.221452411178584 -4.76260734651299 1.91107476326525e-06 0.00579246760745696
"LOC132731012" 85.4889921259933 -0.934446186181081 0.201309477673585 -4.64183900817748 3.45321879444274e-06 0.00753311421898238
"LOC132732296" 654.873693080734 0.697550258484778 0.178661999961505 3.90430118679447 9.44980380019509e-05 0.0435993378821329
"LOC132732829" 221.228803227929 -1.00802741092747 0.268119817152928 -3.75961546457613 0.000170174723285045 0.0480890218009203
"LOC132732878" 175.550808810041 -0.498038043220945 0.131791931772492 -3.77897217623832 0.000157477016991583 0.0478829759879629
"LOC132733016" 23.2718868826658 2.19376096595473 0.528932720534026 4.14752364675008 3.36090766218949e-05 0.0214461286823081
"LOC132737163" 27.8616413662203 1.42095980403502 0.373245042485029 3.80704267248779 0.000140638485714149 0.0470712857188949
"LOC132737737" 3522.60488978509 -1.0144415303327 0.265763742150036 -3.81708024625872 0.000135040259073913 0.0470712857188949
"LOC132741452" 3973.583533813 -0.61454781081621 0.157008051623015 -3.91411653392003 9.07358094079313e-05 0.0435993378821329
"LOC132741641" 55.9489305020698 3.54994839148278 0.781687181665724 4.54139261170699 5.58838497837759e-06 0.00753311421898238
"LOC132742068" 68.1803000549294 -1.49340824684901 0.343469072013416 -4.34801374719024 1.37375995394881e-05 0.0118967612011967
"LOC132745166" 68.5447053034062 1.1500606022464 0.298709470142367 3.85009756034274 0.000118070784889127 0.0470712857188949
"LOC132745762" 194.308462821567 1.03158608650506 0.27644009289419 3.73168043645505 0.000190206696301665 0.0483503376207715
"LOC132745822" 301.203554145315 -1.23420785867673 0.271457177125262 -4.54660242085704 5.45188452513593e-06 0.00753311421898238
"LOC132746012" 675.013468349586 -0.376723319803155 0.0935907691742836 -4.02521875957259 5.69223741424345e-05 0.0313694029137671
"LOC132746399" 111.575789849726 -1.34462019430879 0.25378949642286 -5.29817117438305 1.16968288952196e-07 0.00141812353525643
"LOC132746437" 157.617392946071 -0.631967762605412 0.162137036116074 -3.89773846706428 9.70951932380063e-05 0.0435993378821329
"LOC132746792" 84.1093089255687 -1.09799527280417 0.216221296548075 -5.07810881875846 3.81210348906371e-07 0.00231089713507042
"LOC132747103" 84.1607943008413 1.47002990326604 0.386456090698745 3.80387303667048 0.000142451211235297 0.0470712857188949
"LOC132747234" 133.466509053986 -1.15536033165681 0.305797965077016 -3.77818188347275 0.000157977485938512 0.0478829759879629
"LOC132749309" 119.383445117869 -1.3230293747428 0.306861576138257 -4.31148595204605 1.62161078588101e-05 0.0131069394453476
"LOC132752133" 65.823857617885 -1.21125302677995 0.319155361520851 -3.79518307638025 0.000147534547782746 0.0470712857188949
"LOC132752300" 725.551634974523 -0.77522704685199 0.20705287428349 -3.74410183647379 0.000181040219194085 0.0480890218009203
"LOC132757649" 375.680317549199 -1.26578231724598 0.314072224926829 -4.03022686116507 5.57230463395693e-05 0.0313694029137671
"LOC132758254" 401.175360310328 -0.682398858153362 0.162768929107439 -4.19243931808957 2.75970914462452e-05 0.0185881742607931
"LOC132758583" 1481.26307043342 -1.04004399499673 0.235553479084134 -4.41532003280346 1.00860661039906e-05 0.00940642041882937
"LOC132758975" 88.8585080265999 -0.877769534153985 0.228352833870588 -3.84391784974051 0.000121085553812328 0.0470712857188949
"LOC132759052" 136.791974558403 -1.13948058052997 0.304499278236305 -3.74214542356215 0.000182455872883729 0.0480890218009203
"LOC132759372" 133.107178543439 -0.86886625619526 0.174823137930986 -4.96997289076379 6.69622633460256e-07 0.00270616826935738
"LOC132759609" 26.5973231435926 2.1124787514721 0.474547575571349 4.4515636792132 8.52472447172949e-06 0.00939579631774985
"LOC132759803" 1278.92076099619 -0.742672472741893 0.192328411151333 -3.86148083008663 0.000112701856427271 0.0470712857188949
"LOC132760592" 420.936190413842 -0.700063683788513 0.187680894967141 -3.73007430463863 0.000191423309617043 0.0483503376207715
